k points, time samples
5, 30

-- Wave vector k:
0, 0.0001, 0, 0
1, 0.00792898, 0, 0
2, 0.015758, 0, 0
3, 0.0235869, 0, 0
4, 0.0314159, 0, 0

-- Time samples:
0, 0.02
1, 2.77793
2, 5.53586
3, 8.29379
4, 11.0517
5, 13.8097
6, 16.5676
7, 19.3255
8, 22.0834
9, 24.8414
10, 27.5993
11, 30.3572
12, 33.1152
13, 35.8731
14, 38.631
15, 41.389
16, 44.1469
17, 46.9048
18, 49.6628
19, 52.4207
20, 55.1786
21, 57.9366
22, 60.6945
23, 63.4524
24, 66.2103
25, 68.9683
26, 71.7262
27, 74.4841
28, 77.2421
29, 80

-- M(k == rows, t == cols):
0, 0.963009, 0.962989, 0.962985, 0.962982, 0.96298, 0.962978, 0.962976, 0.962975, 0.962974, 0.962973, 0.962973, 0.962972, 0.962972, 0.962971, 0.962971, 0.962971, 0.962971, 0.96297, 0.96297, 0.96297, 0.96297, 0.96297, 0.96297, 0.96297, 0.96297, 0.96297, 0.96297, 0.96297, 0.96297, 0.96297
1, 0.963006, 0.962675, 0.962387, 0.962102, 0.961817, 0.961533, 0.96125, 0.960967, 0.960685, 0.960402, 0.96012, 0.959838, 0.959557, 0.959275, 0.958994, 0.958713, 0.958431, 0.95815, 0.95787, 0.957589, 0.957308, 0.957028, 0.956747, 0.956467, 0.956186, 0.955906, 0.955626, 0.955346, 0.955066, 0.954786
2, 0.962997, 0.961749, 0.960625, 0.95951, 0.958398, 0.957287, 0.956178, 0.955071, 0.953966, 0.952861, 0.951759, 0.950658, 0.949558, 0.948459, 0.947362, 0.946266, 0.945172, 0.944078, 0.942986, 0.941896, 0.940806, 0.939718, 0.938631, 0.937546, 0.936461, 0.935378, 0.934297, 0.933216, 0.932137, 0.931059
3, 0.962983, 0.960213, 0.957706, 0.955223, 0.952749, 0.950281, 0.947821, 0.945367, 0.94292, 0.940479, 0.938045, 0.935617, 0.933196, 0.930781, 0.928372, 0.92597, 0.923574, 0.921184, 0.9188, 0.916423, 0.914051, 0.911686, 0.909327, 0.906975, 0.904628, 0.902287, 0.899953, 0.897624, 0.895302, 0.892985
4, 0.962963, 0.95807, 0.953643, 0.949269, 0.944917, 0.940586, 0.936275, 0.931985, 0.927714, 0.923464, 0.919233, 0.915021, 0.910829, 0.906656, 0.902502, 0.898368, 0.894252, 0.890156, 0.886078, 0.882019, 0.877978, 0.873956, 0.869953, 0.865968, 0.862001, 0.858052, 0.854122, 0.850209, 0.846315, 0.842438
